45 35 190 Blue
132 225 108 Green
214 174 82 Brown
144 73 241 Purple
241 187 233 Pink
235 179 166 Red
219 60  135 Pink
12 62 153 Blue
36 94 13 Green
28 6 183 Blue
71 222 179 Blue
18 77  200 Blue
67 187 139 Green
166 31 3 Red
90 125 9 Green
53 37 31 Brown
11 115 186 Blue
47 32 64 Purple
149 223 236 Blue
174 191 50 Yellow
131 24 1 Red
195 239 191 Green
192 243 208 Green
49 68 221 Blue
206 79 101 Pink
206 115 61 Orange
115 191 190 Blue
215 86 164 Pink
31 126 8 Green
127 131 139 Gray
211 242 185 Green
242 245 199 Yellow
26 220 139 Green
194 19 185 Purple
68 36 225 Blue
132 11 20 Red 
29 252 154 Green
5 247 226 Blue
45 153 189 Blue
2 240 168 Blue	
145 20 186 Purple
64 212 27 Green
64 131 187 Blue
250 10 4 Red
133 89 133 Purple
31 46 35 Gray
55 14 156 Purple
101 63 159 Purple
215 115 155 Pink
54 214 51 Green
187 57 61 Red
129 255 106 Green
20 175 150 Blue
173 223 98 Green
55 206 215 Blue
192 233 227 Blue
110 36 108 Purple
108 223 23 Green
161 202 149 Green
132 56 153 Purple
232 198 101 Yellow
94 85 223 Blue
103 56 57 Brown
216 160 221 Pink
119 58 121 Purple
149 238 37 Green
162 97 85 Brown
42 156 224 Blue
82 96 243 Blue
24 102 82 Green
144 158 154 Gray
39 114 128 Blue
227 4 18 Red
44 52 247 Blue
67 201 126 Green
206 150 81 Brown
99 216 240 Blue
178 235 245 Blue
230 69 49 Red
222 178 237 Purple
116 151 42 Green
185 50 224 Purple
54 215 66 Green
114 65 51 Brown
247 254 79 Yellow
94 17 93 Purple
21 155 59 Green
117 185 134 Blue
49 200 216 Blue
112 62 0 Brown
20 230 72 Green
247 40 176 Pink
40 63 51 Gray
67 201 126 Green
206 150 81 Brown
99 216 240 Blue
178 235 245 Blue
230 69 49 Red
222 178 237 Purple
116 151 42 Green
185 50 224 Purple
54 215 66 Green
2 64 27 Green
216 151 74 Brown
82 49 117 Purple
122 144 34 Green
62 87 73 Gray
194 70 23 Red
4 24 82 Blue
24 189 150 Blue
108 157 153 Gray
33 91 19 Green
48 71 49 Green
164 49 59 Red
249 125 12 Orange
56 141 207 Blue
219 248 223 Blue
201 240 206 Blue
164 4 165 Purple
6 88 36 Green
190 234 6 Green
249 56 183 Pink
22 203 5 Green
89 48 214 Purple
69 150 125 Blue
180 44 199 Purple
139 115 161 Purple
136 227 143 Green
127 47 238 Purple
157 126 52 Brown
168 178 44 Green
60 165 62 Green
15 102 165 Blue
45 126 182 Blue
208 130 197 Purple
53 122 225 Blue
162 109 142 Purple
132 44 182 Purple
55 81 126 Blue
22 206 59 Green
14 114 43 Green
161 217 248 Blue
254 227 187 Pink
118 5 223 Purple
74 81 138 Blue
221 33 63 Pink
56 76 174 Blue
28 255 2 Green
227 204 67 Yellow
189 58 225 Purple
23 212 120 Green
44 4 74 Purple
92 51 236 Blue
63 84 22 Green
167 34 205 Purple
119 72 38 Brown
237 245 75 Yellow 
206 17 12 Red
157 239 46 Green
104 22 117 Purple
197 156 95 Brown
51 244 13 Green
218 236 112 Yellow
190 9 137 Pink
48 17 55 Purple
77 25 173 Purple
97 232 72 Green
224 244 151 Yellow
68 71 51 Green
0 179 132 Green
237 18 210 Pink
251 63 24 Red
207 87 236 Purple
19 152 10 Green
228 58 57 Red
41 195 37 Green
34 174 176 Blue
46 214 101 Green
83 47 88 Purple
149 231 69 Green
223 226 144 Yellow
211 209 114 Yellow
239 202 239 Pink
79 244 40 Green
205 12 244 Purple
245 139 45 Orange
221 112 105 Pink
63 4 87 Purple
158 211 98 Green
81 13 100 Purple
14 212 109 Green
119 224 202 Blue
34 145 127 Blue
65 188 56 Green
126 187 233 Blue
52 5 177 Blue
135 251 82 Green
194 41 214 Purple
71 236 54 Green
30 118 227 Blue
7 172 91 Green
216 106 131 Pink
106 200 48 Green
134 199 205 Blue
42 250 243 Blue
149 143 197 Purple
22 24 249 Blue
192 86 91 Red
200 186 215 Purple
36 215 240 Blue
86 212 240 Blue
143 80 23 Brown
81 134 90 Green
180 156 5 Yellow
56 245 226 Blue
19 100 27 Green
95 124 125 Gray
247 252 18 Yellow
117 186 0 Green
245 45 44 Red
48 81 214 Blue
59 34 94 Purple
123 54 1 Brown
179 3 175 Purple
6 92 252 Blue
18 153 27 Green
252 37 43 Red
74 133 18 Green
226 118 229 Pink
21 213 63 Green
137 3 211 Purple
75 41 23 Brown
5 5 85 Blue
116 22 114 Purple
155 26 223 Purple
136 27 7 Red
51 149 224 Blue
125 101 12 Brown
243 254 216 Green
189 187 121 Brown
32 59 119 Blue
48 181 119 Green
210 196 126 Brown
34 118 215 Blue
253 73 44 Red
252 125 182 Pink
209 149 26 Orange
18 185 90 Green
96 245 73 Green
162 31 19 Red
213 167 236 Purple
140 85 213 Purple
10 109 76 Green
114 203 7 Green
100 183 219 Blue
251 161 0 Orange
18 90 60 Green
19 14 152 Blue
38 16 187 Blue
100 32 183 Purple
187 118 177 Pink
118 49 56 Brown
61 145 247 Blue
138 172 43 Green
206 250 91 Yellow
172 66 164 Purple
110 245 97 Green
80 20 21 Brown
243 30 182 Pink
182 14 247 Purple
78 254 240 Blue
78 143 245 Blue
52 164 240 Blue
113 72 80 Brown
175 111 245 Purple
134 77 194 Purple
42 12 125 Blue
222 144 98 Orange
183 0 9 Red
38 175 242 Blue
128 17 87 Purple
104 159 33 Green
191 247 250 Blue
56 219 254 Blue
86 2 138 Purple
170 30 18 Red
248 128 213 Pink
125 200 254 Blue
102 22 90 Purple
199 50 33 Red
127 247 64 Green
103 251 11 Green
78 212 9 Green
7 69 148 Blue
178 119 218 Purple
82 101 205 Blue
178 6 69 Pink
165 178 1 Yellow
216 140 41 Orange
138 220 167 Green
184 177 13 Yellow
12 64 41 Green
216 88 83 Pink
110 169 64 Green
66 194 123 Green
149 1 20 Red
59 11 99 Purple
84 152 167 Blue
123 252 55 Green
204 254 230 Green
255 69 163 Pink
131 158 128 Green
2 180 201 Blue
237 15 166 Pink
73 57 241 Blue
69 65 147 Blue
167 23 92 Pink
252 67 171 Pink
172 44 148 Purple
82 34 199 Purple
241 62 28 Red
14 58 38 Green
73 236 81 Green
40 56 177 Blue
229 25 163 Pink
195 157 13 Yellow
177 30 60 Pink
98 92 96 Gray
238 35 211 Pink
11 255 254 Blue
94 84 157 Purple
245 69 122 Pink
222 87 238 Pink
87 5 239 Purple
69 53 1 Yellow
123 96 226 Purple
54 96 100 Blue
7 128 155 Blue
162 181 117 Green
251 6 65 Pink
235 141 178 Pink
82 187 88 Green
230 56 196 Pink
75 35 127 Purple
41 107 214 Blue
235 44 169 Pink
3 33 187 Blue
236 239 95 Yellow
76 252 16 Green
236 190 212 Pink
237 81 6 Orange
69 77 153 Purple
37 142 81 Green
238 47 26 Red
92 51 236 Blue
63 84 22 Green
167 34 205 Purple
204 143 96 Brown
212 243 78 Yellow
31 148 10 Green
203 238 47 Yellow
104 22 117 Purple
147 109 53 Brown
51 244 13 Green
254 113 194 Pink
218 55 223 Purple
156 162 40 Yellow
23 172 111 Green
160 158 53 Yellow
2 85 247 Blue
43 243 11 Green
137 44 255 Purple
42 44 100 Blue
170 91 173 Purple
26 143 245 Blue
95 139 54 Green
198 251 28 Yellow
170 93 40 Brown
234 169 86 Red
239 73 169 Pink
238 246 152 Yellow
216 46 207 Purple
62 59 245 Blue
62 189 132 Green
228 87 85 Red
191 31 149 Pink
110 60 90 Purple
174 197 138 Green
161 204 170 Green
156 209 37 Yellow
49 226 134 Green
174 89 97 Red
138 147 8 Yellow
99 69 66 Brown
170 11 55 Pink
105 11 177 Purple
234 70 117 Pink
240 168 20 Orange
192 171 243 Purple
7 53 132 Blue
85 113 189 Blue
244 22 201 Pink
135 5 76 Pink
181 56 11 Orange
88 47 88 Brown
72 46 16 Gray
116 41 245 Purple
49 197 171 Blue
41 115 76 Green
25 135 139 Blue
145 180 28 Green
57 131 178 Blue
148 189 223 Gray
155 63 146 Purple
120 47 62 Brown
199 91 58 Orange
211 115 109 Orange
131 29 217 Purple
135 59 45 Brown
35 252 219 Blue
128 127 237 Gray
146 63 203 Purple
35 136 219 Blue
50 120 252 Blue
254 219 28 Yellow 
239 138 41 Orange
192 181 182 Gray
111 48 160 Purple
249 7 22 Red
145 137 138 Gray
247 72 231 Pink
26 37 163 Blue
249 115 197 Pink
0 108 194 Blue
32 84 123 Blue
119 60 6 Brown
112 167 24 Green
249 176 44 Orange
111 178 71 Green
254 21 19 Red
234 252 24 Yellow
126 186 251 Blue
137 93 25 Brown
47 66 120 Blue
168 87 57 Brown
141 83 8 Brown
105 117 142 Gray
107 127 202 Blue
46 129 179 Blue
121 210 45 Green
96 65 34 Brown
211 215 175 Yellow
49 35 19 Brown
109 13 18 Red
25 228 243 Blue
25 217 116 Green
179 24 146 Pink
172 172 191 Gray
178 35 7 Red
159 102 2 Brown
177 16 23 Red
213 176 164 Pink
169 225 169 Green
230 8 98 Pink
104	214	111	Green
88	123	230	Blue
27	214	152	Green
28	47	82	Blue
234	219	65	Yellow
148	251	85	Green
0	209	249	Blue
215	44	104	Pink
105	234	133	Green
67	174	68	Green
189	204	247	Gray
106	167	74	Green
213	130	248	Purple
31	166	131	Green
78	117	42	Green
42	43	170	Blue	
22	162	214	Blue
167	249	15	Green
0	97	200	Blue
11	8	222	Blue
56 240 221 Blue
127 27 217 Purple
240 183 190 Pink
64 152 97 Green
34 75 194 Blue
64 98 121 Blue
65 127 221 Blue
173 112 33 Brown
52 200 192 Blue
48 16 97 Purple
215 24 7 Red
224 209 66 Yellow
127 62 102 Purple
45 6 88 Purple
15 205 73 Green
147 230 65 Green
247 200 1 Yellow
196 53 26 Red
54 2 64 Purple
78 89 70 Gray
53 1 74 Purple
23 138 221 Blue
160 60 134 Pink
14 27 187 Blue
85 52 184 Purple
211 59 243 Pink
137 168 120 Green
183 118 212 Pink
90 160 78 Green
78 8 221 Blue
146 15 7 Red
157 41 226 Pink
50 192 123 Green
106 198 72 Green
9 68 203 Blue
65 178 224 Blue
176 35 74 Red
54 149 101 Green
242 177 233 Pink
28 3 149 Blue
149 128 230 Purple
206 150 229 Pink
37 174 245 Blue
55 134 109 Green
229 122 28 Orange
81 216 70 Green
41 176 225 Blue
43 38 5 Brown
151 150 164 Gray
159 5 50 Red
196 179 0 Yellow
5 63 179 Blue
226 222 203 Brown
149 212 135 Green
140 108 157 Purple
211 34 121 Pink
215 198 90 Yellow
228 79 13 Orange
3 101 20 Green
139 108 18 Brown
200 155 148 Pink
98 180 195 Blue
235 4 38 Red
136 162 122 Green
198 243 135 Green
3 51 97 Blue
123 12 198 Purple
129 21 67 Red
92 21 116 Purple
138 220 181 Blue
156 119 123 Purple
95 161 147 Blue
177 247 163 Green
111 94 163 Purple
235 140 112 Pink
147 182 120 Green
88 46 32 Brown
63 74 208 Blue
179 151 134 Brown
17 226 183 Blue
221 125 124 Pink
139 78 119 Purple
165 108 72 Brown
11 54 205 Blue
27 62 56 Green
138 27 92 Purple
118 29 66 Purple
11 139 92 Green
236 185 195 Pink
104 67 232 Purple
215 105 230 Pink
45 34 205 Blue
27 194 72 Green
176 136 89 Brown
23 201 136 Green
186 137 65 Brown
11 4 129 Blue
253 154 62 Orange
232 26 107 Pink
54 13 199 Blue
217 5 92 Pink
91 105 99 Gray
166 223 163 Green
240 249 210 Yellow
141 136 120 Gray
162 68 79 Brown
224 230 2 Yellow
144 254 238 Blue
129 199 72 Green
58 147 32 Green
37 164 117 Green
235 134 103 Orange
51 41 37 Brown
249 50 68 Pink
81 137 37 Green
92 192 15 Green
249 203 42 Yellow
84 117 177 Purple
175 141 103 Brown
12 156 127 Blue
240 110 144 Pink
71 248 215 Green
24 171 31 Green
170 6 236 Purple
123 119 159 Gray
183 22 240 Purple
48 247 66 Green
241 229 45 Yellow
44 189 26 Green
196 180 139 Gray
194 220 124 Yellow
65 181 5 Green
63 127 165 Blue
119 101 223 Blue
83 63 212 Blue
123 2 228 Purple
8 176 44 Green
75 102 34 Green
117 216 205 Blue
0 221 214 Blue
165 84 72 Red
112 195 165 Blue
181 46 206 Purple
103 23 164 Purple
45 156 187 Blue
144 111 45 Brown
246 179 181 Pink
147 24 138 Purple
248 160 86 Orange
60 81 229 Blue
174 71 172 Purple
102 151 51 Green
86 181 72 Green
119 72 31 Brown
14 148 93 Green
252 54 233 Purple
63 178 124 Green
174 51 73 Red
153 43 35 Red
73 77 16 Green 
90 33 185 Blue
86 9 133 Purple
103 129 51 Green
229 248 64 Yellow
48 170 92 Green
57 197 243 Blue
34 76 191 Blue
91 69 172 Purple
83 166 19 Green
9 112 244 Blue
254 15 128 Pink
170 18 172 Purple
12 139 216 Blue
22 9 218 Blue
241 87 164 Pink
0 126 27 Green
204 15 11 Red
87 8 118 Purple
165 52 186 Purple
235 3 229 Pink
43 8 179 Blue
103 198 105 Green
115 81 255 Purple
74 236 41 Green
205 186 171 Brown
33 61 220 Blue
70 124 194 Blue
84 248 27 Green
135 112 233 Purple
118 90 46 Brown
99 51 159 Purple
201 154 102 Brown
50 13 183 Blue
49 88 163 Blue
90 37 93 Purple
5 23 88 Blue
233 94 212 Pink
171 178 205 Gray
62 161 65 Green
225 252 103 Yellow
130 116 65 Brown
241 183 183 Pink
49 0 207 Blue
225 160 48 Yellow
3 51 29 Green
157 85 183 Purple
95 176 210 Blue
89 110 222 Blue
114 63 174 Purple
146 64 88 Red
25 103 186 Blue
56 204 155 Green
123 35 197 Purple
193 23 103 Pink
235 181 71 Yellow
239 78 213 Pink
70 22 177 Purple
110 122 185 Blue
70 117 87 Green
144 184 120 Green
129 190 110 Green
175 226 179 Green
134 229 235 Blue
41 212 205  Blue
161 179 183 Gray
93 240 74 Green
206 80 119 Pink
128 69 131 Purple
33 113 165 Blue
7 205 22 Green
207 13 241 Purple
14 205 73 Green
84 133 51 Green
181 188 179 Gray
160 111 185 Purple
7 191 77 Green
101 175 216 Blue
106 128 100 Green
103 206 118 Green
57 146 106 Green
172 22 118 Pink
199 195 76 Yellow
151 16 188 Purple
83 98 143 Blue
152 145 254 Purple
98 194 104 Green
229 100 1 Orange
39 106 23 Green 
29 148 183 Blue
241 114 20 Orange
132 185 234 Blue
212 104 59 Orange
213 18 100 Pink
12 171 110 Green
0 172 241 Blue
178 23 239 Purple
1 158 36 Green
196 139 105 Brown
241 88 138 Pink
233 196 137 Brown
96 204 253 Blue
171 234 131 Green
150 4 30 Red
29 247 53 Green
132 159 8 Green
231 116 216 Pink
36 115 81 Green
110 49 218 Purple
21 80 194 Blue
197 144 244 Purple
173 127 86 Brown
240 232 88 Yellow
4 128 243 Blue
42 21 249 Blue
83 54 7 Brown
221 228 228 Gray
89 1 110 Purple
255 50 229 Pink
111 76 30 Brown
221 61 48 Red
241 105 49 Orange
198	51	119	Pink
181	55	136	Pink
50	178	127	Green
50	1	48	Purple
119	153	132	Green
60	231	136	Green
178	12	254	Purple
244	199	69	Yellow
22	101	96	Blue
139	100	235	Brown
227	181	15	Yellow
145	249	21	Green
159	115	104	Brown
234	66	74	Red
148	53	81	Red
186	85	178	Pink
153	248	185	Green
226	141	165	Pink
89	84	15	Brown
207	207	10	Yellow
79 158 79 Green
184 167 60 Yellow
123 110 145 Purple
145 156 168 Gray
84 120 10 Green
5 37 93 Blue
207 54 187 Pink
120 134 247 Blue
7 52 203 Blue
39 206 209 Blue
67 146 233 Blue
13 250 117 Green
29 135 73 Green
13 174 106 Green
145 57 16 Brown
210 45 48 Red
2 25 106 Blue
84 175 96 Green
35 188 187 Blue
39 243 189 Green
197 16 112 Purple
43 175 182 Blue
79 183 118 Green
16 220 110 Green
176 181 34 Yellow
14 247 81 Green
41 162 249 Blue
225 106 217 Purple
121 230 117 Green
192 205 218 Gray
144 132 229 Purple
31 163 106 Green
107 43 105 Purple
85 208 160 Green
29 42 147 Blue
163 236 0 Green
197 203 165 Gray
199 95 6 Orange
135 92 226 Purple
104 176 102 Green
164 26 97 Purple
101 227 164 Blue
87 137 151 Blue
234 182 229 Purple
246 97 198 Pink
140 218 30 Green
64 212 51 Green
243 108 224 Purple
224 131 24 Orange
249 63 199 Purple
155 212 52 Green
96 129 103 Gray
5 234 178 Blue
121 199 63 Green
120 60 203 Purple
74 21 110 Purple
113 36 86 Purple
23 79 87 Blue
64 67 204 Blue
118 3 223 Purple
205 16 12 Red
224 244 151 Yellow
52 5 177 Blue
143 80 23 Brown
222 144 98 Orange
199 50 33 Red
149 1 20 Red
255 69 163 Pink
123 96 226 Purple
54 96 100 Blue
7 128 155 Blue
23 172 111 Green
254 113 194 Pink
174 89 97 Red
181 56 11 Orange
148 189 223 Gray
111 48 160 Purple
247 72 231 Pink
65 127 221 Blue
100	86	69	Brown
152	18	187	Purple
192	5	174	Pink
66	156	227	Blue
156	117	130	Purple
16	2	246	Blue
215	202	63	Yellow
56	248	116	Green
240	8	188	Pink
30	67	117	Blue
125	156	148	Green
106	149	164	Blue
237	227	86	Yellow
21	92	103	Blue
195	169	187	Purple
169	183	20	Green
76	81	114	Blue
186	220	89	Green
113	195	216	Blue
209	123	213	Pink
7 176 46 Green
0 232 30 Green
113 95 236 Blue
148 132 134 Gray
211 64 208 Purple
245 154 37 Orange
186 240 7 Yellow 
195 43 150 Purple
162 119 11 Orange
14 52 177 Blue
15 163 166 Blue 
153 171 151 Gray
248 136 8 Orange
161 196 14 Yellow
41 61 100 Blue
24 217 164 Blue 
101 98 97 Gray
230 102 10 Orange
70 103 214 Blue
97 88 89 Gray
85 132 199 Blue
189 19 37 Red
147 122 139 Gray
104 141 247 Blue
197 239 148 Green
225 77 246 Pink
65 112 228 Blue
79 242 147 Green
25 173 152 Green
207 178 214 Pink
94 184 60 Green
250 148 224 Pink
111 254 43 Green
4 86 23 Green
40 43 41 Gray
31 17 225 Blue
237 53 47 Red
25 26 127 Blue
255 216 43 Yellow
255 39 35 Red
98 6 207 Purple
169 177 199 Gray
140 10 200 Purple 
240 74 218 Pink
126 186 85 Green
124 63 151 Purple
20 250 99 Green
288 7 167 Pink
127 226 65 Green
194 68 193 Purple
16 168 107 Green
55 98 240 Blue
210 5 0 Red
243 143 35 Orange
211 2 221 Purple
251 192 82 Orange
70 65 250 Blue 
207 58 150 Pink
230 7 184 Pink	
146 5 250 Purple
159 89 220 Purple
66 208 235 Blue
74 214 138 Green
31 151 98 Green
8 143 98 Green
65 216 137 Green
211 150 68 Orange
219 49 92 Red
28 171 235 Blue
246 190 52 Orange
246 142 114 Orange
3 244 144 Blue
196 10 201 Purple
223 98 66 Orange
127 9 121 Purple
242 250 128 Yellow
61 105 147 Blue
100 0 249 Blue
248 12 179 Pink
118 125 98 Gray
120 113 85 Brown
71 92 145 Blue
186 48 122 Pink
227 139 16 Orange
55 240 117 Green
57 173 156 Blue
78 75 222 Blue
103 21 179 Purple
107 16 84 Purple
188 237 52 Green
72 163 157 Blue
191 55 175 Pink
237 146 76 Orange
52 102 91 Green
102 99 52 Brown
102 99 52 Brown
52 102 56 Green
99 21 27 Red
199 133 138 Pink
107 31 37 Red
56 56 56 Gray
24 6 61 Blue
121 209 194 Blue
115 115 115 Gray
255 241 171 Yellow
247 109 162 Pink
224 255 48 Green
148 48 255 Purple
50 106 107 Blue
39 53 64 Blue
209 255 230 Green
255 245 20 Yellow
121 79 232 Purple
131 207 31 Green
138 245 37 Green
51 224 239 Blue
139 107 111 Brown
63 97 11 Green
7 140 225 Blue
207 146 17 Brown
1 200 131 Green
216 242 168 Yellow
249 13 113 Pink
41 58 47 Green
178 112 48 Brown
64 112 69 Green
53 153 45 Green
153 151 60 Brown
12 45 33 Green
189 209 33 Yellow
115 161 182 Blue
8 97 63 Green
60 119 223 Blue
156 10 32 Red
221 77 113 Pink
188 3 31 Red
46 57 234 Blue
33 189 180 Blue
121 255 179 Green
204 46 227 Purple
224 255 14 Yellow